ComplaintID;CustomerID;ProductID;ComplaintDate;ComplaintType;SolutionType;FeedbackType
122689;4416;8;12/09/2007;1;;
190657;4416;8;14/12/2010;1;2;2
168808;6737;8;19/07/2010;9;1;
134499;6737;8;02/11/2009;1;2;3
118475;9366;8;02/07/2009;1;1;3
43373;9882;7;11/12/2007;1;1;3
43372;9882;7;12/12/2007;1;2;3
170829;11301;8;04/08/2010;1;1;
46334;11301;8;01/12/2007;1;1;
160020;19466;;11/05/2010;1;2;3
91312;19466;;28/01/2009;1;2;
143616;19466;;05/01/2010;1;2;3
143109;19466;;30/12/2009;1;1;3
149711;28271;8;16/02/2010;1;2;3
70520;28271;8;19/08/2008;1;2;3
72444;28271;8;30/08/2008;1;3;6
83470;30873;8;01/12/2008;1;2;3
116027;30916;8;10/06/2009;1;2;3
117769;30916;8;27/06/2009;1;3;3
54521;32244;8;08/03/2008;1;1;4
55834;34360;4;03/04/2008;1;1;
132031;34360;;13/10/2009;1;1;
132032;34360;;07/10/2009;2;3;
66945;34360;;14/07/2008;1;1;
68054;34360;;25/07/2008;1;1;
58898;37838;8;05/05/2008;1;1;3
166970;42801;8;07/07/2010;1;2;3
62055;43002;8;26/09/2005;6;;
57453;45521;8;21/04/2008;1;2;4
74525;45521;8;20/09/2008;1;1;6
166421;46163;8;02/07/2010;1;1;3
140114;46163;8;12/12/2009;1;1;3
106849;47128;8;02/03/2009;9;1;
44057;48566;8;19/12/2007;1;2;3
99547;55101;6;02/03/2009;9;1;
137790;56876;2;26/11/2009;1;2;6
58561;57533;8;30/04/2008;1;1;3
93197;59304;3;11/02/2009;1;1;
198006;59580;8;05/01/2011;1;2;2
145282;59580;8;15/01/2010;1;2;2
201500;59580;8;27/01/2011;1;2;6
132590;65149;8;17/10/2009;1;1;2
132587;65149;8;07/10/2009;1;1;3
84420;65149;8;09/12/2008;1;2;5
84419;65149;8;08/12/2008;1;1;3
115039;65658;8;02/06/2009;1;2;3
95218;65658;8;02/03/2009;1;1;4
66997;65658;8;15/07/2008;1;1;3
187490;66121;8;24/11/2010;1;2;6
191012;66121;8;16/12/2010;1;1;6
52276;66741;4;29/02/2008;1;1;
77620;66741;;11/10/2008;1;3;
81965;66741;;20/11/2008;1;3;
49603;66910;5;04/02/2008;1;2;2
145271;66910;5;15/01/2010;1;2;3
147407;66910;5;01/02/2010;1;2;3
107392;67030;8;28/03/2007;1;;
195041;67030;8;24/12/2010;1;1;
138554;67030;8;28/11/2009;1;3;4
47938;67030;8;17/01/2008;1;3;5
130487;67030;8;02/10/2009;1;2;3
142738;67030;8;28/12/2009;1;2;2
185073;67278;8;08/11/2010;1;2;6
168480;67278;8;19/07/2010;1;2;3
93389;67296;8;12/02/2009;1;1;
93388;67296;8;07/02/2009;1;1;
78490;67720;8;24/03/2006;1;;
121083;67720;8;29/08/2007;1;;
106950;67962;8;02/03/2009;9;1;
165166;67962;8;24/06/2010;1;2;
197294;67962;8;31/12/2010;1;1;6
132354;67962;8;15/10/2009;1;2;2
147592;67962;8;02/02/2010;1;2;3
145977;67962;8;20/01/2010;1;2;5
202411;67962;8;02/02/2011;1;2;
201673;67962;8;28/01/2011;1;2;6
144037;67962;8;07/01/2010;1;2;3
144076;67962;8;07/01/2010;1;1;
169920;69031;8;29/07/2010;1;2;3
159686;71100;8;07/05/2010;1;2;3
128412;71100;8;12/09/2009;7;1;6
106395;71104;8;02/03/2009;9;1;
188104;71104;8;27/11/2010;1;1;
171704;71104;8;10/08/2010;1;2;
136251;71104;8;17/11/2009;1;2;
123978;71104;8;13/08/2009;8;2;3
202307;71104;8;29/01/2011;1;3;6
77509;72328;8;08/03/2006;1;;
83176;72328;8;02/06/2006;1;;
89309;72328;8;21/08/2006;1;;
94602;72328;8;26/10/2006;1;;
94930;72328;8;31/10/2006;1;;
95456;72328;8;08/11/2006;1;;
97058;72328;8;30/11/2006;9;;
99179;72328;8;02/01/2007;1;;
106840;72328;8;21/03/2007;1;;
113421;72328;8;07/06/2007;1;;
118176;72328;8;30/07/2007;1;;
109342;72328;8;31/03/2009;1;2;4
109343;72328;8;31/03/2009;9;1;
40375;72328;8;17/11/2007;1;1;
39712;72328;8;05/11/2007;1;2;
43767;72328;8;17/12/2007;1;1;3
43768;72328;8;17/09/2007;9;1;
43771;72328;8;17/12/2007;9;1;
43773;72328;8;17/12/2007;9;1;
43770;72328;8;17/12/2007;9;1;
43772;72328;8;17/12/2007;9;1;
131386;72328;8;03/10/2009;1;1;3
131385;72328;8;05/10/2009;1;1;3
131384;72328;8;08/10/2009;1;1;3
78943;72328;8;25/10/2008;1;1;5
187267;73887;8;23/11/2010;4;2;6
89359;74250;8;22/08/2006;1;;
121712;74250;8;25/07/2009;7;3;3
124767;75988;8;20/08/2009;1;2;3
124769;75988;8;18/08/2009;1;1;3
124768;75988;8;19/08/2009;1;1;3
62568;76089;8;08/10/2005;1;;
117109;76089;8;22/06/2009;1;1;3
118926;76089;8;07/07/2009;1;1;
122341;76089;8;30/07/2009;1;1;
122342;76089;8;29/07/2009;1;1;
171201;76481;8;06/08/2010;1;2;3
170897;76481;8;05/08/2010;1;2;3
42759;76949;8;01/12/2007;7;1;
79909;76969;8;03/11/2008;1;2;3
84848;76969;8;15/12/2008;1;2;3
123341;76969;8;06/08/2009;1;2;
121286;76969;8;18/07/2009;1;2;5
75004;77132;8;02/02/2006;1;;
114688;77132;8;02/06/2007;2;;
121263;77132;8;29/08/2007;1;;
82216;77132;8;24/11/2008;1;2;2
184118;77132;8;02/11/2010;1;2;6
137106;77132;8;21/11/2009;1;2;3
114657;78062;8;02/06/2007;2;;
111993;78062;8;18/04/2009;3;1;3
111992;78062;8;28/04/2009;1;1;5
136999;78062;8;21/11/2009;1;1;6
39177;78062;8;29/09/2007;1;3;
109404;78610;8;14/04/2007;1;;
158647;78610;8;30/04/2010;1;2;4
96344;78719;8;17/11/2006;1;;
60928;79296;8;26/08/2005;2;;
87121;79296;8;17/07/2006;1;;
81959;79296;8;20/11/2008;1;1;4
43250;79722;8;11/12/2007;1;3;3
121449;79722;8;23/07/2009;1;2;3
54572;80187;8;08/03/2008;1;1;4
131680;80408;8;10/10/2009;1;2;3
122841;80869;8;04/08/2009;1;1;6
195774;81576;8;24/12/2010;1;1;
104904;82955;8;02/03/2009;9;1;
78566;83231;8;27/03/2006;1;;
78615;83231;8;27/03/2006;9;;
87559;83231;8;25/07/2006;1;;
87580;83231;8;25/07/2006;9;;
105017;83231;8;02/03/2009;9;1;
135633;83235;8;12/11/2009;7;2;3
96225;83235;8;02/03/2009;1;1;4
104968;83269;8;02/03/2009;9;1;
150047;83269;8;18/02/2010;1;2;3
95460;83274;8;02/03/2009;1;1;4
183054;83675;8;22/10/2010;1;2;3
103226;83675;8;02/03/2009;9;1;
179068;83675;8;27/09/2010;1;1;4
179067;83675;8;25/09/2010;1;1;4
104621;83829;8;02/03/2009;9;1;
80126;86158;8;20/04/2006;1;;
187950;86158;8;29/11/2010;1;2;6
187682;86158;8;25/11/2010;1;2;6
187683;86158;8;24/11/2010;1;1;6
39853;86158;8;08/11/2007;1;2;3
127685;86158;8;10/09/2009;7;1;3
127686;86158;8;11/09/2009;7;1;3
127418;86158;8;09/09/2009;7;1;
128275;86158;8;12/09/2009;7;1;
174871;86158;8;31/08/2010;1;2;3
124991;86158;8;21/08/2009;1;1;3
93289;86254;8;07/02/2009;1;2;3
58543;86995;8;30/04/2008;1;2;3
129457;86995;8;24/09/2009;1;2;3
46632;87584;8;01/12/2007;1;1;
46794;87992;8;01/12/2007;1;1;
58470;88253;8;24/05/2005;1;2;
87257;89348;8;03/01/2009;1;1;2
87258;89348;8;05/01/2009;1;1;2
201973;89348;8;31/01/2011;1;1;6
132997;89370;8;16/10/2009;1;2;5
91809;89370;8;02/02/2009;1;2;5
148288;89370;8;05/02/2010;1;2;2
168379;89647;8;10/07/2010;1;1;5
169385;90947;8;24/07/2010;1;1;3
113356;90987;8;13/05/2009;1;2;3
137918;90987;8;27/11/2009;1;2;3
201346;90987;8;26/01/2011;1;2;6
156749;91087;8;10/04/2010;1;3;3
187438;91087;8;24/11/2010;1;2;
85551;91087;8;20/12/2008;1;1;3
55305;91165;8;29/03/2008;1;3;3
92333;91191;8;23/09/2006;1;;
190684;91261;8;14/12/2010;1;2;6
119161;91272;8;09/07/2009;1;2;3
119024;91272;8;08/07/2009;1;2;3
168551;92913;8;17/07/2010;7;1;3
158860;93017;8;30/04/2010;1;1;
114829;93173;8;28/05/2009;1;2;5
164405;94699;8;17/06/2010;1;2;3
169029;94699;8;22/07/2010;1;2;3
94165;94699;8;20/02/2009;1;2;3
201930;95660;8;29/01/2011;1;2;
117661;96490;8;26/06/2009;1;1;
127103;96557;8;29/08/2009;7;2;5
160578;96717;8;17/05/2010;1;2;3
160803;96717;8;17/05/2010;1;2;
178114;98118;8;20/09/2010;1;2;3
167494;98470;8;12/07/2010;1;2;3
166930;98824;8;07/07/2010;1;2;3
136299;98824;8;17/11/2009;1;2;
126530;98824;8;02/09/2009;1;2;3
77701;98824;8;16/10/2008;3;3;3
77700;98824;8;15/10/2008;3;3;
77699;98824;8;14/10/2008;3;3;3
77697;98824;8;17/10/2008;3;2;3
77698;98824;8;13/10/2008;3;3;3
88225;99483;8;06/01/2009;1;2;2
188061;100139;8;29/11/2010;1;2;6
137349;100246;8;21/11/2009;7;3;
158979;100579;8;30/04/2010;1;1;
106261;101454;8;02/03/2009;9;1;
106203;101481;8;02/03/2009;9;1;
188136;101481;8;30/11/2010;1;2;
105984;101693;8;02/03/2009;9;1;
74396;104207;8;20/09/2008;1;1;6
179099;104407;8;27/09/2010;1;1;6
52863;104407;8;07/03/2008;1;1;
39680;104407;8;05/11/2007;1;1;4
128486;104407;8;16/09/2009;1;1;
176502;104407;8;08/09/2010;1;1;3
73019;104407;8;11/09/2008;1;1;
72979;104407;8;11/09/2008;1;2;3
61844;105447;8;31/05/2008;1;1;3
63363;107253;8;02/11/2005;1;;
153505;108424;8;16/03/2010;1;2;3
67283;108898;8;12/07/2008;7;3;
41389;109965;8;27/11/2007;1;2;3
162564;109965;8;03/06/2010;1;2;
194166;110062;8;24/12/2010;1;2;2
152970;110062;8;11/03/2010;1;2;3
153309;110062;8;15/03/2010;1;2;3
76179;110455;8;16/02/2006;1;;
107120;110694;8;02/03/2009;9;1;
106490;110749;8;02/03/2009;9;1;
107237;110977;8;02/03/2009;9;1;
187491;110977;8;24/11/2010;1;1;
189880;110977;8;08/12/2010;1;2;6
185493;113810;8;10/11/2010;9;2;
103973;114210;8;02/03/2009;9;1;
166587;114210;8;03/07/2010;1;1;
70802;114210;8;21/08/2008;1;2;3
93957;115310;8;16/02/2009;1;1;3
61381;115674;8;07/09/2005;1;;
84931;115674;8;21/06/2006;1;;
87259;115674;8;19/07/2006;1;;
86384;115674;8;29/06/2006;1;;
92908;115674;8;03/10/2006;1;;
118289;115674;8;31/07/2007;1;;
37954;115674;8;26/09/2007;1;2;
120903;115674;8;17/07/2009;1;2;3
150485;115674;8;23/02/2010;1;2;3
175052;115674;8;28/08/2010;1;1;2
84193;115674;8;05/12/2008;1;2;3
62103;115674;8;04/06/2008;1;2;3
106850;115697;8;02/03/2009;9;1;
139485;117560;8;05/12/2009;1;3;3
84836;118150;8;21/06/2006;9;;
158387;118416;8;24/04/2010;1;3;3
183881;118416;8;16/10/2010;1;3;
152087;118416;8;04/03/2010;1;2;5
78160;118522;8;18/03/2006;1;;
121145;118522;8;29/08/2007;1;;
110222;118522;8;04/04/2009;1;3;5
192093;118522;8;20/12/2010;1;2;2
193223;118522;8;21/12/2010;1;1;2
47839;118522;8;22/12/2007;1;1;
82308;118522;8;24/11/2008;1;2;2
57573;119012;8;19/04/2008;1;3;6
84829;119012;8;06/12/2008;2;3;3
118372;119089;8;03/07/2009;1;2;3
130524;119089;8;02/10/2009;1;2;6
185033;119308;8;06/11/2010;1;3;
54634;119308;8;08/03/2008;1;1;4
111770;119880;8;21/05/2007;9;;
189577;119880;8;04/12/2010;1;1;6
138936;119880;8;04/12/2009;1;1;3
138938;119880;8;02/11/2009;1;1;
89030;119880;8;09/01/2009;1;2;2
102710;120121;8;02/03/2009;9;1;
104043;120305;8;02/03/2009;9;1;
108741;120305;8;02/03/2009;1;1;
76429;120305;8;07/10/2008;1;1;3
46897;121813;8;01/12/2007;1;1;
59170;121897;8;09/07/2005;1;2;
62475;121897;8;10/10/2005;1;;
113639;122823;8;11/06/2007;6;;
117929;122874;8;29/06/2009;1;1;2
58629;123310;8;06/06/2005;1;2;
89097;123310;8;17/08/2006;1;;
98046;123310;8;18/12/2006;1;;
187340;123310;8;23/11/2010;1;1;6
199415;123310;8;13/01/2011;7;2;
199504;123310;8;13/01/2011;9;1;
179233;123310;8;28/09/2010;1;2;3
125861;123674;8;28/08/2009;1;2;3
116521;124783;8;15/06/2009;1;1;
156801;125522;8;14/04/2010;1;2;5
151062;125522;8;26/02/2010;1;2;4
112434;126070;8;02/05/2009;1;3;3
192405;126070;8;20/12/2010;1;1;2
172594;126070;8;17/08/2010;1;2;6
50571;126156;8;12/02/2008;1;2;4
50247;126156;8;08/02/2008;1;2;4
50500;126156;8;11/02/2008;1;3;3
49073;126156;8;29/01/2008;1;1;
105743;126217;8;02/03/2009;9;1;
105140;126371;8;02/03/2009;9;1;
144099;126371;8;07/01/2010;1;2;3
74588;126990;8;20/09/2008;1;1;6
107729;129049;8;02/03/2009;9;1;
107753;129200;8;02/03/2009;9;1;
44819;129200;8;02/01/2008;1;2;3
55459;130773;8;29/03/2008;1;1;3
107674;131240;8;02/03/2009;9;1;
111315;132770;8;22/04/2009;1;2;3
112173;136172;8;30/04/2009;1;1;3
118333;136172;8;02/07/2009;1;1;3
118049;136172;8;30/06/2009;1;1;3
189152;136172;8;03/12/2010;3;2;6
135913;136172;8;13/11/2009;1;1;4
137425;136172;8;21/11/2009;7;3;
169798;136577;8;28/07/2010;1;2;3
137842;136577;8;26/11/2009;1;1;1
88129;136577;8;06/01/2009;1;2;2
158811;137994;8;30/04/2010;1;1;4
104255;137994;8;02/03/2009;9;1;
154798;137994;8;26/03/2010;1;2;3
103504;138905;8;02/03/2009;9;1;
157322;139859;8;19/04/2010;1;1;3
93084;141231;;30/09/2006;7;;
100438;141231;6;13/01/2007;1;;
187781;141231;6;25/11/2010;1;3;6
187783;141231;6;23/11/2010;1;3;6
187782;141231;6;24/11/2010;1;3;6
86204;141523;2;27/12/2008;1;1;
131079;141523;2;03/10/2009;1;3;6
140980;141523;2;18/12/2009;1;1;2
104222;141979;8;02/03/2009;9;1;
38338;143719;8;03/10/2007;9;1;
114966;145934;8;29/05/2009;1;2;3
174610;145934;8;30/08/2010;1;2;2
143652;145934;8;05/01/2010;1;2;3
98350;146680;8;14/03/2009;1;3;4
109050;146680;8;28/03/2009;1;1;3
160389;146680;8;08/05/2010;6;3;
71343;146704;8;26/08/2008;1;2;3
120549;150984;8;27/08/2007;1;;
93186;150984;8;14/01/2009;9;1;
93184;150984;8;12/01/2009;9;1;
93187;150984;8;15/01/2009;9;1;
93190;150984;8;19/01/2009;9;1;
93189;150984;8;17/01/2009;9;1;
93185;150984;8;13/01/2009;9;1;
93188;150984;8;16/01/2009;9;1;
129955;151034;7;28/09/2009;2;3;3
83949;151034;7;29/11/2008;1;1;3
143976;151034;7;02/01/2010;1;1;3
143975;151034;7;06/01/2010;1;1;3
158241;152547;8;17/04/2010;1;1;3
158242;152547;8;24/04/2010;1;1;3
158239;152547;8;10/04/2010;1;1;3
98245;153239;8;16/12/2006;1;;
92906;153239;8;31/01/2009;7;3;
171652;153347;8;07/08/2010;1;3;3
112346;155444;8;19/05/2007;1;;
96026;156467;8;14/11/2006;1;;
96962;156467;8;29/11/2006;1;;
103172;156467;8;13/02/2007;1;;
122842;156467;8;04/08/2009;1;2;6
103223;158536;8;13/02/2007;1;;
104143;158789;8;02/03/2009;9;1;
60224;158789;8;19/05/2008;1;1;3
96062;166792;8;02/03/2009;1;1;4
134949;168967;8;05/11/2009;1;1;4
135403;168967;8;09/11/2009;1;1;3
63092;169663;4;11/06/2008;1;1;
63093;169663;4;12/06/2008;2;3;
110766;169663;;11/04/2009;1;1;
110767;169663;;15/04/2009;1;1;
110769;169663;;16/04/2009;9;3;
111341;169663;;22/04/2009;1;2;
59318;180225;8;03/05/2008;1;1;
78447;182806;8;23/03/2006;1;;
47067;185225;8;01/12/2007;1;1;
102485;189721;8;05/02/2007;1;;
102551;189721;8;06/02/2007;1;;
114061;189721;8;19/05/2009;1;1;5
122359;189721;8;30/07/2009;1;1;3
120854;189721;8;17/07/2009;1;2;2
97447;189736;8;02/12/2006;1;;
158817;190317;8;30/04/2010;1;1;4
166250;190317;8;26/06/2010;1;3;
113033;194809;;11/05/2009;1;2;
124553;194809;;19/08/2009;1;2;
124397;194809;;18/08/2009;1;2;3
124395;194809;;14/08/2009;1;1;3
124396;194809;;17/08/2009;1;1;3
124554;194809;;19/08/2009;1;1;
113105;195120;8;09/05/2009;1;1;3
113104;195120;8;02/05/2009;1;1;3
96019;195120;8;02/03/2009;1;1;4
127160;195120;8;07/09/2009;1;1;3
127161;195120;8;05/09/2009;1;1;3
58563;196035;8;27/05/2005;1;2;
58565;196035;8;27/05/2005;1;2;
113177;196035;8;09/05/2009;1;3;3
194541;196035;8;24/12/2010;1;1;2
146860;196035;8;28/01/2010;9;2;4
175025;196035;8;28/08/2010;1;3;3
192456;200518;3;20/12/2010;1;1;
193529;200518;3;21/12/2010;1;1;
178682;200518;3;22/09/2010;1;1;
178556;200518;3;22/09/2010;1;2;
144093;200518;3;07/01/2010;1;2;5
194850;200518;;24/12/2010;1;1;
62386;201325;8;05/10/2005;1;;
85269;201325;8;24/06/2006;1;;
86090;201325;8;01/07/2006;1;;
115588;201325;8;29/06/2007;1;;
116374;201325;8;13/06/2009;1;2;3
183616;201325;8;27/10/2010;1;1;
184064;201325;8;29/10/2010;1;2;
147888;201325;8;03/02/2010;1;1;3
77383;201325;8;14/10/2008;1;1;
77389;201325;8;16/10/2008;1;3;2
77175;201325;8;14/10/2008;1;2;
77384;201325;8;15/10/2008;1;1;2
70583;201325;8;18/08/2008;1;2;3
118568;204554;;06/07/2009;1;2;
189404;204554;;06/12/2010;1;2;3
43654;204587;8;14/12/2007;1;1;3
94110;204587;8;17/02/2009;1;1;5
94109;204587;8;16/02/2009;1;1;5
94108;204587;8;14/02/2009;1;1;5
94112;204587;8;19/02/2009;1;1;2
94111;204587;8;18/02/2009;1;1;5
106852;209850;8;02/03/2009;9;1;
118434;211228;;03/07/2009;1;2;
104219;215157;8;02/03/2009;9;1;
96540;215157;8;27/02/2009;1;1;3
96541;215157;8;25/02/2009;1;1;3
96451;215157;8;03/03/2009;1;2;4
92880;216602;8;07/02/2009;7;3;3
74884;216656;8;31/01/2006;1;;
93328;216656;8;12/02/2009;1;1;4
118613;216874;8;06/07/2009;1;2;3
62035;217062;8;03/06/2008;1;2;3
58119;223043;8;09/05/2005;1;2;
103934;223043;8;02/03/2009;9;1;
153139;223043;8;06/03/2010;1;3;3
88518;224695;6;03/01/2009;1;1;1
132994;233091;8;21/10/2009;1;2;3
197447;233091;8;03/01/2011;1;2;6
103456;234121;8;02/03/2009;9;1;
115314;235337;8;03/06/2009;1;2;3
115040;235337;8;02/06/2009;1;2;3
95980;235337;8;02/03/2009;1;1;4
42674;237341;8;06/12/2007;1;3;5
172670;237341;8;17/08/2010;1;2;2
184312;238763;8;03/11/2010;1;2;
168274;238763;8;16/07/2010;1;2;3
186597;238763;8;17/11/2010;1;2;
118792;240143;8;06/08/2007;1;;
61893;240143;8;02/06/2008;1;2;5
88581;243154;8;07/01/2009;1;2;3
66901;243362;8;14/07/2008;1;1;4
133702;243362;8;26/10/2009;1;2;
111106;246652;8;20/04/2009;1;1;3
152350;246652;8;05/03/2010;1;1;3
182455;246652;8;18/10/2010;3;1;3
77174;247619;8;14/10/2008;1;1;4
155467;252133;8;27/03/2010;1;3;3
113456;259489;6;07/06/2007;1;;
119244;260247;6;04/07/2009;1;1;3
96691;260902;4;18/11/2006;1;;
107495;261247;8;29/03/2007;1;;
107247;261247;8;26/03/2007;1;;
107165;261247;8;26/03/2007;1;;
120704;261247;8;28/08/2007;1;;
122279;261247;8;30/07/2009;1;2;3
144213;261247;8;08/01/2010;1;2;3
113205;265758;8;09/05/2009;1;3;6
115299;265758;8;03/06/2009;1;2;
119082;265758;8;20/06/2009;1;1;5
119081;265758;8;27/06/2009;1;1;5
119080;265758;8;04/07/2009;1;1;5
88200;265758;8;06/01/2009;1;2;2
157380;268257;6;20/04/2010;1;2;3
99238;268257;6;02/03/2009;9;1;
61835;269666;8;19/09/2005;9;;
61798;269666;8;19/09/2005;1;;
114320;271705;4;16/06/2007;3;;
76798;273071;8;04/10/2008;9;3;
178994;273366;7;27/09/2010;1;2;3
126242;276941;;01/09/2009;1;2;3
126241;276941;;29/08/2009;1;1;3
55237;277998;4;29/03/2008;1;3;3
75950;277998;2;04/10/2008;1;3;
94058;278076;4;14/10/2006;1;;
96581;278076;4;23/11/2006;1;;
98625;278076;4;27/12/2006;9;;
101222;278076;4;23/01/2007;9;;
108377;278076;4;06/04/2007;4;;
120015;278076;4;04/08/2007;1;;
110392;278076;2;10/04/2009;1;2;
97215;278076;2;10/03/2009;1;2;
108750;278076;2;26/03/2009;1;2;
70299;278344;4;20/12/2005;1;;
70496;278344;4;21/12/2005;1;;
70957;278344;4;20/12/2005;5;;
91883;278344;4;20/09/2006;9;;
114788;278344;4;21/06/2007;1;;
123427;278344;4;19/09/2007;1;;
151677;281030;8;27/02/2010;1;2;
111572;281658;2;24/04/2009;1;2;
199251;281658;2;05/01/2011;2;3;3
199257;281658;2;12/01/2011;1;1;3
199249;281658;2;03/01/2011;2;3;3
199252;281658;2;06/01/2011;2;3;3
199254;281658;2;08/01/2011;2;3;3
199256;281658;2;11/01/2011;2;3;3
199255;281658;2;10/01/2011;2;3;3
199250;281658;2;04/01/2011;2;3;
199253;281658;2;07/01/2011;2;3;3
202099;281658;2;01/02/2011;2;2;
202100;281658;2;29/01/2011;1;1;
116106;282163;6;10/06/2009;1;2;3
116108;282163;6;08/06/2009;1;1;3
116107;282163;6;09/06/2009;1;1;3
139818;284707;2;10/12/2009;1;1;3
139820;284707;2;08/12/2009;1;1;3
139819;284707;2;09/12/2009;1;1;3
91612;285977;6;18/09/2006;1;;
94893;285977;6;31/10/2006;1;;
96304;285977;6;20/11/2006;1;;
102760;285977;6;07/02/2007;2;;
122123;285977;6;05/09/2007;1;;
188436;285977;6;27/11/2010;3;3;6
99239;285977;6;02/03/2009;9;1;
108344;286795;6;06/04/2007;1;;
108261;286795;7;05/04/2007;1;;
110950;286795;7;10/05/2007;1;;
88174;287148;8;01/08/2006;1;;
62806;287148;8;07/06/2008;2;3;3
85583;287148;8;22/12/2008;1;2;3
85582;287148;8;20/12/2008;1;1;3
54857;287646;1;31/08/2004;1;;
81377;287646;6;17/11/2008;1;2;6
167044;287734;8;08/07/2010;3;2;3
127975;287928;8;14/09/2009;1;2;3
163338;290501;8;09/06/2010;1;2;4
88287;290501;8;06/01/2009;1;1;2
77989;290839;8;11/03/2006;1;;
77990;290839;8;10/03/2006;1;;
77964;290839;8;16/03/2006;1;;
56796;291765;1;22/01/2005;1;4;
123745;291765;7;24/09/2007;1;;
94877;291765;7;25/02/2009;1;2;3
83715;291765;7;27/11/2008;1;1;6
83714;291765;7;24/11/2008;1;1;6
83713;291765;7;22/11/2008;1;1;6
105574;292007;8;02/03/2009;9;1;
62705;293003;6;13/10/2005;9;;
94811;296777;8;30/10/2006;1;;
112369;296777;8;19/05/2007;1;;
132846;301648;6;20/10/2009;1;2;3
192276;303272;8;20/12/2010;1;1;
120127;307591;6;04/07/2009;1;1;3
101861;339123;2;02/03/2009;9;1;
58635;343367;8;02/05/2008;1;1;4
86830;343367;8;05/01/2009;1;2;2
139209;364092;8;04/12/2009;1;2;2
139494;364092;8;05/12/2009;1;3;2
146876;364092;8;27/01/2010;1;1;1
70833;364092;8;26/07/2008;7;1;
150682;372367;3;24/02/2010;1;1;3
136851;405673;8;20/11/2009;1;2;
93120;408540;8;06/10/2006;1;;
118995;408540;8;08/08/2007;1;;
92146;408540;8;04/02/2009;1;2;3
102990;410112;8;02/03/2009;9;1;
170614;418311;8;03/08/2010;3;2;3
99031;434404;8;02/01/2007;1;;
57605;434404;8;19/04/2008;1;1;3
113042;434404;8;09/05/2009;1;1;4
113041;434404;8;11/05/2009;1;1;4
112815;434404;8;07/05/2009;1;2;4
58244;448750;1;12/05/2005;1;2;
60322;448750;4;16/08/2005;1;;
120900;448750;2;17/07/2009;1;2;
119701;452562;6;04/07/2009;1;1;3
115755;456330;2;08/06/2009;1;2;3
54879;458135;1;03/09/2004;1;;
54891;458135;1;06/09/2004;1;;
92602;458692;5;31/01/2009;1;1;5
92601;458692;5;07/02/2009;1;1;5
87549;459730;8;25/07/2006;1;;
194911;460459;7;24/12/2010;1;1;2
164271;460459;7;12/06/2010;1;3;
91815;460459;7;31/01/2009;1;1;3
53030;462878;1;08/04/2004;1;;
100193;462878;6;02/03/2009;9;1;
183764;463919;8;28/10/2010;1;2;3
90856;463919;8;23/01/2009;1;2;3
87384;465055;6;05/01/2009;1;1;
84923;466728;8;15/12/2008;1;1;5
93695;467461;8;13/10/2006;1;;
107849;467461;8;24/03/2007;1;;
111116;467461;8;11/05/2007;1;;
106458;467461;8;02/03/2009;9;1;
70105;467461;8;14/08/2008;1;1;3
91107;478242;8;26/08/2006;1;;
186427;478242;8;06/11/2010;9;1;
188851;478242;8;20/11/2010;9;1;
171044;478242;8;31/07/2010;1;3;3
86015;478304;8;01/07/2006;1;;
109884;482314;8;06/04/2009;1;1;3
66605;493667;8;26/11/2005;2;;
136018;494173;8;07/11/2009;1;3;2
96210;494173;8;02/03/2009;1;1;4
61471;496557;6;08/09/2005;1;;
120951;497381;8;17/07/2009;1;1;2
41841;497901;8;30/11/2007;1;2;
63208;497901;8;13/06/2008;1;2;5
55131;498890;1;22/09/2004;1;2;
61981;498890;6;23/09/2005;1;;
100366;498890;6;02/03/2009;9;1;
103092;500939;8;02/03/2009;9;1;
74597;501664;8;20/09/2008;1;1;6
102333;505079;2;02/03/2009;9;1;
100520;505285;5;16/01/2007;1;;
101127;505285;4;22/01/2007;1;;
111097;505285;4;05/05/2007;1;;
113848;505285;5;14/06/2007;1;;
123348;505285;5;15/09/2007;7;;
67381;505285;5;12/07/2008;3;3;
63549;505586;6;05/11/2005;7;;
192257;505586;6;20/12/2010;1;2;6
127895;505586;6;14/09/2009;1;2;1
164249;514923;8;16/06/2010;1;2;3
42254;514923;8;04/12/2007;1;2;3
60306;515045;7;17/05/2008;1;1;5
60308;515045;7;03/05/2008;1;1;5
60307;515045;7;10/05/2008;1;1;5
102656;591609;8;02/03/2009;9;1;
121504;592938;4;03/09/2007;1;;
166303;593217;8;29/06/2010;1;3;3
166302;593217;8;28/06/2010;1;1;3
167106;593217;8;02/07/2010;1;1;3
166305;593217;8;01/07/2010;1;1;3
167309;593217;8;03/07/2010;1;3;4
166304;593217;8;30/06/2010;1;1;3
62972;594963;4;07/06/2008;7;3;
64275;594963;4;21/06/2008;1;3;
64637;594963;4;25/06/2008;7;3;
63511;594963;4;14/06/2008;9;2;
73293;594963;;13/09/2008;7;3;
118648;594963;;06/07/2009;1;1;
111759;594963;;25/04/2009;1;2;
183528;594963;;26/10/2010;1;1;
188360;594963;;27/11/2010;1;1;3
190150;594963;;09/12/2010;1;1;4
202072;594963;;31/01/2011;1;1;
192315;595080;7;18/12/2010;1;1;2
192314;595080;7;20/12/2010;1;1;2
84659;595177;4;19/06/2006;1;;
61733;595177;4;31/05/2008;1;1;
164988;595177;;22/06/2010;1;1;
164946;595177;;22/06/2010;1;2;3
79721;595177;;25/10/2008;1;3;
71959;595177;;30/08/2008;2;1;
71958;595177;;01/09/2008;1;1;
83417;596708;4;07/06/2006;1;;
83839;596708;4;13/06/2006;1;;
85505;596708;4;28/06/2006;1;;
85802;596708;4;06/07/2006;1;;
86085;596708;4;03/07/2006;1;;
86245;596708;4;30/06/2006;1;;
86397;596708;4;28/06/2006;5;;
86399;596708;4;29/06/2006;1;;
54641;599124;1;16/08/2004;1;4;
80160;600133;3;05/11/2008;1;1;
112967;600133;3;09/05/2009;1;1;
57464;609115;1;21/03/2005;1;2;
93715;609115;8;13/10/2006;1;;
108930;610490;8;27/03/2009;1;2;3
80833;613450;2;12/11/2008;1;1;
80832;613450;2;12/11/2008;1;1;
80831;613450;2;12/11/2008;1;1;
80830;613450;2;08/11/2008;1;1;
97346;615206;8;07/03/2009;7;1;3
54425;615999;1;10/08/2004;1;;
70074;615999;4;01/12/2005;3;;
89567;615999;4;23/08/2006;1;;
91281;615999;4;13/09/2006;1;;
100294;615999;4;12/01/2007;1;;
125913;615999;4;25/10/2007;1;;
186845;615999;;18/11/2010;9;3;3
186832;615999;;18/11/2010;1;2;
168899;615999;;20/07/2010;1;2;3
169101;615999;;20/07/2010;1;1;
138153;615999;;28/11/2009;1;1;3
79346;615999;;29/10/2008;1;1;
81995;615999;;21/11/2008;1;2;
79221;615999;;29/10/2008;1;2;
68261;618810;4;13/12/2005;1;;
82645;618810;4;31/05/2006;1;;
82984;618810;4;31/05/2006;5;;
85103;618810;4;23/06/2006;3;;
88987;618810;4;16/08/2006;1;;
101582;618810;4;20/01/2007;1;;
104777;618810;4;01/03/2007;1;;
106192;618810;4;13/03/2007;1;;
110736;618810;4;08/05/2007;1;;
110241;618810;4;30/04/2007;1;;
111039;618810;4;11/05/2007;1;;
125836;618810;4;24/10/2007;1;;
124687;618810;4;08/10/2007;1;;
125998;618810;4;20/10/2007;1;;
125856;618810;4;24/10/2007;1;;
125463;618810;4;17/10/2007;1;;
125424;618810;4;17/10/2007;1;;
54038;618810;4;20/03/2008;1;3;
58107;618810;4;26/04/2008;1;3;
59199;618810;4;07/05/2008;1;1;
59092;618810;4;07/05/2008;1;2;
70948;618810;;22/08/2008;1;2;
179719;619493;8;29/09/2010;1;1;6
86872;622765;3;03/01/2009;1;1;
146060;622765;3;21/01/2010;1;2;6
190786;622765;3;15/12/2010;1;2;6
194853;622765;3;24/12/2010;1;1;2
176842;622765;3;13/09/2010;1;2;1
174388;622765;3;27/08/2010;1;2;3
101474;623253;2;02/03/2009;9;1;
82142;627451;3;15/11/2008;1;3;
80153;627451;3;03/11/2008;1;1;
81067;627451;3;10/11/2008;1;1;
152463;635984;8;06/03/2010;1;1;3
148771;635984;8;06/02/2010;1;1;3
143185;635984;8;26/12/2009;1;3;3
194854;640955;6;24/12/2010;1;1;2
148086;640955;6;04/02/2010;1;2;1
64824;640995;4;18/11/2005;1;;
65444;640995;4;22/11/2005;1;;
84857;640995;4;21/06/2006;3;;
84920;640995;4;20/06/2006;1;;
60533;640995;4;20/05/2008;1;1;
89378;640995;;27/12/2008;7;3;
191930;640995;;18/12/2010;3;3;
191926;640995;;20/12/2010;1;2;
86957;644766;6;08/07/2006;1;;
85666;644766;6;01/07/2006;1;;
56302;644766;6;08/04/2008;3;2;3
78604;644766;6;13/10/2008;1;1;
65904;644766;6;05/07/2008;1;3;5
141923;644766;6;22/12/2009;1;1;3
164466;644766;6;15/06/2010;1;1;2
86645;646884;5;11/07/2006;1;;
86584;646884;5;11/07/2006;1;;
86250;646884;5;30/06/2006;9;;
86303;646884;5;30/06/2006;1;;
97954;646884;5;09/12/2006;7;;
126306;646884;5;27/10/2007;1;;
53570;646994;1;18/05/2004;2;;
123865;649119;4;25/09/2007;1;;
123804;649119;4;24/09/2007;1;;
57067;649119;4;16/04/2008;1;2;
62135;649119;4;31/05/2008;1;1;
62134;649119;4;04/06/2008;1;3;
162804;649119;2;04/06/2010;1;1;
162765;649119;2;04/06/2010;1;2;
171607;649119;2;07/08/2010;1;3;5
199202;649119;2;12/01/2011;1;1;3
139594;649119;2;09/12/2009;1;2;
130482;649119;2;01/10/2009;1;1;
130430;649119;2;01/10/2009;1;2;
130210;649119;2;26/09/2009;1;3;2
125914;649119;2;28/08/2009;1;2;
202394;649119;2;02/02/2011;1;2;
81628;649716;4;06/05/2006;1;;
101979;649716;2;02/03/2009;9;1;
100753;650126;6;02/03/2009;9;1;
135831;650225;6;13/11/2009;1;2;3
132594;650225;6;19/10/2009;1;2;3
78168;651106;5;21/10/2008;3;2;3
66421;651977;4;29/11/2005;1;;
69988;651977;4;02/12/2005;1;;
108326;651977;4;06/04/2007;2;;
109865;651977;4;25/04/2007;1;;
113992;651977;4;15/06/2007;1;;
117542;651977;4;20/07/2007;1;;
187998;651977;;29/11/2010;1;2;3
155014;651977;;29/03/2010;1;1;3
154921;651977;;29/03/2010;1;2;3
126094;652358;2;29/08/2009;1;1;3
126095;652358;2;22/08/2009;1;1;3
55077;653093;1;20/09/2004;2;4;
100510;653093;6;02/03/2009;9;1;
120042;653487;6;04/07/2009;1;1;3
119349;653526;6;04/07/2009;1;1;3
125555;653662;4;18/10/2007;2;;
41745;653662;4;29/11/2007;7;3;
83213;653662;3;27/11/2008;1;1;
74000;653662;3;18/09/2008;1;1;
74001;653662;3;19/09/2008;1;2;
68296;653911;4;13/12/2005;1;;
75024;653911;4;02/02/2006;1;;
113980;653911;;16/05/2009;1;3;
178730;653911;;23/09/2010;1;2;3
149869;653911;;13/02/2010;7;3;3
86063;654649;5;03/07/2006;1;;
125711;654649;;27/08/2009;1;1;3
65072;654824;4;21/11/2005;1;;
69205;654824;4;26/11/2005;1;;
155781;654824;;06/04/2010;9;3;3
117691;654912;2;26/06/2009;1;1;4
72889;655449;4;09/01/2006;1;;
72739;655449;4;05/01/2006;5;;
71982;655449;4;28/12/2005;1;;
72693;655449;4;05/01/2006;1;;
72041;655449;4;28/12/2005;5;;
73150;655449;4;11/01/2006;1;;
75013;655449;4;02/02/2006;1;;
96147;655449;4;16/11/2006;1;;
96567;655449;4;23/11/2006;1;;
98038;655449;4;18/12/2006;1;;
114969;655449;4;25/06/2007;1;;
115189;655449;4;27/06/2007;1;;
117786;655449;4;24/07/2007;1;;
126355;655449;4;31/10/2007;1;;
52575;655449;4;01/03/2008;1;3;
58516;655449;4;30/04/2008;1;3;
40374;655449;4;19/11/2007;1;3;
115092;655449;2;30/05/2009;1;1;
116047;655449;2;10/06/2009;1;2;
190824;655449;2;15/12/2010;1;2;
132238;655449;2;14/10/2009;1;1;3
132237;655449;2;15/10/2009;1;1;3
90051;655449;2;19/01/2009;1;2;
77847;655449;2;20/10/2008;1;2;
76840;655449;2;13/10/2008;1;2;
85557;655449;2;22/12/2008;1;2;
72539;655449;2;08/09/2008;1;2;
46189;655981;4;15/01/2008;1;3;
45583;655981;4;09/01/2008;1;3;
48491;656112;4;19/01/2008;9;3;
119576;657046;6;04/07/2009;1;1;3
56877;658395;7;11/04/2008;1;1;3
124007;658570;7;22/09/2007;1;;
42602;658570;7;01/12/2007;1;1;4
40917;658570;7;03/11/2007;1;3;4
57121;658570;7;16/04/2008;3;3;
98641;658714;6;02/03/2009;9;1;
77285;658817;6;06/03/2006;1;;
194747;658817;6;24/12/2010;1;1;2
101346;658817;6;02/03/2009;9;1;
123688;659050;5;15/09/2007;1;;
113346;659050;5;13/05/2009;9;2;3
122722;659050;5;01/08/2009;9;1;
122724;659050;5;30/07/2009;9;1;
122721;659050;5;03/08/2009;9;1;
122723;659050;5;31/07/2009;9;1;
52167;659691;1;27/02/2004;1;;
99406;659691;4;04/01/2007;1;;
99616;659691;4;05/01/2007;1;;
99653;659691;4;05/01/2007;5;;
58578;659691;4;02/05/2008;1;2;
42980;659691;4;10/12/2007;1;2;
61357;659785;5;23/05/2008;9;1;
81417;659856;7;15/11/2008;7;3;
81418;659856;7;08/11/2008;7;3;
123551;659856;7;10/08/2009;1;1;3
98642;660064;6;02/03/2009;9;1;
184678;660112;6;23/10/2010;1;1;6
184679;660112;6;30/10/2010;1;1;6
61045;660436;5;23/05/2008;9;1;
132051;660607;6;14/10/2009;1;2;6
100120;660607;6;02/03/2009;9;1;
119396;660924;6;04/07/2009;1;1;3
75806;660939;6;13/02/2006;1;;
99295;660979;6;02/03/2009;9;1;
52550;662701;1;13/03/2004;1;4;
98803;663231;4;28/12/2006;1;;
98804;663231;4;28/12/2006;1;;
98805;663231;4;27/12/2006;1;;
110876;663907;4;09/05/2007;9;;
111031;663907;4;05/05/2007;1;;
99622;664705;4;05/01/2007;1;;
103674;664705;4;17/02/2007;1;;
106339;664705;4;14/03/2007;1;;
52423;664705;4;01/03/2008;1;1;
102215;664828;2;02/03/2009;9;1;
72525;664959;4;04/01/2006;1;;
76818;664959;4;27/02/2006;3;;
76753;664959;4;24/02/2006;3;;
76948;664959;4;28/02/2006;3;;
90855;664959;4;02/09/2006;1;;
91271;664959;4;13/09/2006;1;;
92506;664959;4;26/09/2006;9;;
105681;664959;4;07/03/2007;1;;
107693;664959;4;30/03/2007;1;;
110998;664959;4;05/05/2007;1;;
116345;664959;4;05/07/2007;1;;
75296;664959;;29/09/2008;1;2;
56361;665197;1;20/12/2004;1;2;
56864;665197;1;26/01/2005;1;2;
57090;665197;1;08/02/2005;1;;
79910;665197;5;14/04/2006;1;;
53000;665197;5;10/03/2008;1;2;5
53521;665197;5;14/03/2008;1;2;5
98145;665197;5;17/03/2009;1;2;2
63579;665197;5;17/06/2008;1;2;3
98980;665396;6;02/03/2009;9;1;
79188;665402;4;05/04/2006;7;;
126740;665402;4;08/11/2007;1;;
99871;665830;6;02/03/2009;9;1;
108178;666058;4;31/03/2007;7;;
110570;666058;4;05/05/2007;1;;
56895;668238;1;31/01/2005;1;;
74822;668238;4;14/06/2008;1;1;
54663;668492;1;18/08/2004;1;;
119417;668492;6;04/07/2009;1;1;3
173470;668492;6;23/08/2010;1;2;3
79202;669301;4;05/04/2006;1;;
161742;670127;2;28/05/2010;1;2;3
111091;670403;3;20/04/2009;9;3;
111090;670403;3;20/04/2009;1;1;3
138075;670403;3;30/11/2009;1;2;6
138073;670403;3;28/11/2009;1;1;6
96042;670403;3;28/02/2009;1;1;3
94529;670664;4;25/10/2006;1;;
95328;670664;4;07/11/2006;1;;
101439;670664;4;20/01/2007;1;;
102246;670664;4;01/02/2007;1;;
124793;670664;4;09/10/2007;1;;
50292;671025;1;08/09/2003;1;;
59048;671025;1;16/07/2005;1;4;
60845;671025;7;20/08/2005;1;;
62028;671025;7;24/09/2005;1;;
63857;671025;7;14/11/2005;1;;
75445;671025;7;04/02/2006;1;;
113769;671025;7;13/06/2007;2;;
113707;671025;7;12/06/2007;1;;
113917;671025;7;15/06/2007;1;;
115265;671025;7;28/06/2007;1;;
103328;671127;4;10/02/2007;1;;
115478;671127;4;09/06/2007;1;;
89277;671127;;12/01/2009;1;2;
112540;671127;;05/05/2009;1;2;
112852;671127;;08/05/2009;1;1;
108821;671127;;27/03/2009;8;3;
190341;671127;;13/12/2010;1;2;3
163283;671127;;09/06/2010;1;2;3
98438;671127;;18/03/2009;1;3;
143949;671127;;06/01/2010;1;3;3
143992;671127;;06/01/2010;9;1;3
143746;671127;;06/01/2010;1;2;3
83412;671830;3;18/11/2008;1;3;
83411;671830;3;27/11/2008;1;1;
94992;671830;3;27/02/2009;1;2;2
78640;671995;4;25/03/2006;1;;
94087;671995;4;14/10/2006;1;;
79888;672046;4;14/04/2006;1;;
80008;672046;4;15/04/2006;1;;
89522;672046;4;19/08/2006;1;;
112868;672046;4;01/06/2007;1;;
73566;672099;4;16/01/2006;7;;
82522;672099;4;20/05/2006;7;;
81676;672099;;18/11/2008;1;3;
128923;672099;;21/09/2009;8;2;2
129060;672099;;22/09/2009;1;2;2
189558;672099;;06/12/2010;1;1;
98375;672274;7;16/12/2006;7;;
111056;672274;7;05/05/2007;1;;
131089;672274;7;03/10/2009;1;3;5
150321;672274;7;20/02/2010;1;1;
69616;672274;7;09/08/2008;1;3;3
144370;672274;7;09/01/2010;1;2;3
100458;672460;6;02/03/2009;9;1;
73929;672905;5;18/09/2008;1;1;
73928;672905;5;17/09/2008;1;1;
74086;672905;5;19/09/2008;1;1;
116757;672905;;17/06/2009;1;1;
67467;673104;4;19/12/2005;1;;
75578;673104;4;04/02/2006;9;;
79397;673104;4;01/04/2006;1;;
81502;673104;4;06/05/2006;7;;
55101;673104;4;28/03/2008;1;2;
55102;673104;4;27/03/2008;1;3;
118227;673104;2;02/07/2009;1;2;
159687;673104;2;06/05/2010;7;2;
189909;673104;2;04/12/2010;1;3;3
191520;673104;2;11/12/2010;1;3;
162359;673104;2;02/06/2010;1;2;3
161733;673104;2;28/05/2010;1;2;3
178903;673104;2;24/09/2010;1;1;3
180683;673104;2;02/10/2010;1;3;
202372;673104;2;29/01/2011;2;3;
202370;673104;2;31/01/2011;2;3;
202365;673104;2;02/02/2011;1;2;
202371;673104;2;01/02/2011;2;3;
63777;673836;4;14/11/2005;1;;
64241;673836;4;15/11/2005;1;;
76240;673836;4;17/02/2006;1;;
76300;673836;4;17/02/2006;5;;
83412;673836;4;07/06/2006;5;;
83357;673836;4;07/06/2006;1;;
83463;673836;4;07/06/2006;9;;
85558;673836;4;01/07/2006;1;;
103208;673836;4;13/02/2007;1;;
103284;673836;4;13/02/2007;5;;
103295;673836;4;13/02/2007;5;;
103362;673836;4;13/02/2007;5;;
104555;673836;4;27/02/2007;1;;
104876;673836;4;24/02/2007;1;;
104494;673836;4;24/02/2007;1;;
104618;673836;4;27/02/2007;1;;
110990;673836;4;05/05/2007;7;;
113925;673836;4;15/06/2007;1;;
114010;673836;4;15/06/2007;5;;
114046;673836;4;18/06/2007;1;;
114199;673836;4;18/06/2007;5;;
192401;673836;;20/12/2010;1;1;
194597;673836;;24/12/2010;1;1;
133301;673836;;17/10/2009;1;3;3
123994;673836;;08/08/2009;2;3;3
123996;673836;;10/08/2009;2;3;3
123995;673836;;13/08/2009;1;2;3
124782;673836;;20/08/2009;1;2;
125539;673836;;22/08/2009;1;3;3
49922;674488;1;28/07/2003;1;;
60313;674488;7;16/08/2005;9;;
86492;674488;5;10/07/2006;1;;
53704;674586;7;15/03/2008;1;1;3
64189;674586;7;31/05/2008;1;1;3
64182;674586;7;21/06/2008;1;1;3
64191;674586;7;07/06/2008;1;1;3
124304;676441;2;17/08/2009;1;2;3
124457;676441;2;17/08/2009;1;1;
77015;676836;2;27/09/2008;1;1;
56215;677422;1;30/11/2004;2;;
51877;677614;1;03/02/2004;1;2;
108549;677614;6;11/04/2007;1;;
77901;677893;4;14/03/2006;1;;
48806;679638;1;22/04/2003;1;4;
125717;680201;4;20/10/2007;1;;
188049;680201;2;29/11/2010;1;2;6
102109;680201;2;02/03/2009;9;1;
107938;680607;6;03/04/2007;9;;
99987;680875;6;02/03/2009;9;1;
58330;681051;1;19/05/2005;1;;
59169;681051;1;11/07/2005;1;;
127291;681400;7;08/09/2009;1;2;3
139058;682105;2;07/12/2009;1;2;6
126258;682105;2;01/09/2009;1;2;3
141008;682105;2;18/12/2009;1;2;2
50412;682262;1;17/09/2003;1;;
77399;682262;4;04/03/2006;3;;
77598;682262;4;10/03/2006;1;;
159069;682262;2;03/05/2010;1;2;
159300;682262;2;04/05/2010;1;2;
161532;682262;2;26/05/2010;1;2;3
155321;682262;2;01/04/2010;1;2;3
147163;682262;2;29/01/2010;1;2;4
147577;682262;2;01/02/2010;1;3;3
147579;682262;2;02/02/2010;1;2;3
144770;682262;2;12/01/2010;1;1;
147575;682262;2;30/01/2010;1;1;3
80263;682281;4;24/04/2006;2;;
80839;682281;4;02/05/2006;2;;
95672;682281;4;04/11/2006;1;;
95839;682281;4;10/11/2006;2;;
124046;682281;4;22/09/2007;1;;
164086;682281;2;15/06/2010;8;3;3
164010;682281;2;14/06/2010;1;2;3
66323;682635;5;28/11/2005;9;;
78983;682645;5;04/04/2006;1;;
116157;682645;5;11/06/2009;1;2;2
118499;682645;5;06/07/2009;1;2;
116791;682645;5;18/06/2009;1;2;5
117656;682645;5;26/06/2009;1;2;5
117875;682645;5;29/06/2009;1;2;2
116256;682645;5;12/06/2009;1;2;2
117374;682645;5;24/06/2009;1;2;5
100648;683693;6;02/03/2009;9;1;
52964;684448;1;27/03/2004;2;;
55076;684448;1;20/09/2004;9;2;
55656;684448;1;03/11/2004;1;;
56498;684448;1;24/12/2004;1;;
56905;684448;1;10/02/2005;1;;
56913;684448;1;10/02/2005;1;;
57532;684448;1;29/03/2005;1;;
67521;684448;4;16/12/2005;3;;
67674;684448;4;15/12/2005;3;;
71241;684448;4;10/12/2005;1;;
97858;684448;4;14/12/2006;1;;
106249;684448;4;13/03/2007;1;;
112100;684448;4;23/05/2007;1;;
132446;684448;;16/10/2009;1;2;3
132183;684448;;14/10/2009;1;1;
131340;684448;;08/10/2009;1;3;
114390;685953;6;25/05/2009;1;2;4
151922;686014;5;02/03/2010;1;1;3
152856;686014;5;10/03/2010;3;2;3
151921;686014;5;03/03/2010;1;1;3
56159;686073;1;26/11/2004;1;2;
90049;686073;4;30/08/2006;1;;
95971;686073;4;13/11/2006;1;;
53209;688663;1;22/04/2004;1;;
200833;688663;5;21/01/2011;1;2;6
200832;688663;5;20/01/2011;1;2;
66612;688688;4;29/11/2005;1;;
72980;688688;4;09/01/2006;1;;
116614;688688;4;23/06/2007;1;;
126217;688688;4;27/10/2007;7;;
96318;688688;;23/02/2009;1;1;
96323;688688;;28/02/2009;1;1;
96322;688688;;27/02/2009;1;1;
96321;688688;;26/02/2009;1;1;
96320;688688;;25/02/2009;1;1;
96317;688688;;21/02/2009;1;1;
96319;688688;;24/02/2009;1;1;
54221;688731;1;22/07/2004;1;2;
54240;688731;1;23/07/2004;1;;
78025;688731;4;16/03/2006;3;;
142875;689119;7;28/12/2009;1;3;3
98093;692030;8;16/03/2009;1;1;
96166;699915;;28/02/2009;1;3;
101185;703931;6;02/03/2009;9;1;
88116;709884;8;06/01/2009;1;2;2
52494;713976;1;13/03/2004;1;;
165905;721428;2;30/06/2010;1;2;
161867;722095;3;22/05/2010;7;1;
91352;724712;2;28/01/2009;1;1;
169487;724712;2;26/07/2010;1;1;
169426;724712;2;26/07/2010;1;2;3
198720;724712;2;10/01/2011;1;2;3
154420;724712;2;22/03/2010;1;1;3
144067;724712;2;07/01/2010;1;3;
143942;724712;2;06/01/2010;1;2;
144066;724712;2;07/01/2010;1;1;
79612;725845;4;08/04/2006;1;;
99599;726595;6;02/03/2009;9;1;
76130;726595;6;02/10/2008;1;1;3
76133;726595;6;06/10/2008;1;1;3
76132;726595;6;04/10/2008;1;1;3
76131;726595;6;03/10/2008;1;1;3
69683;728870;4;05/12/2005;9;;
69693;728870;4;05/12/2005;1;;
83205;728870;4;06/06/2006;1;;
182085;728870;;09/10/2010;1;3;
190414;728870;;13/12/2010;1;2;
193723;728870;;22/12/2010;1;1;
194360;728870;;24/12/2010;1;1;
193656;728870;;22/12/2010;1;2;
193884;728870;;23/12/2010;1;2;
194093;728870;;23/12/2010;1;1;
180001;728870;;25/09/2010;1;1;
179799;728870;;01/10/2010;1;2;
99742;733039;6;02/03/2009;9;1;
49324;735141;1;12/02/2003;1;;
51318;735141;1;13/12/2003;1;;
51602;735141;1;08/01/2004;1;2;
52062;735141;1;19/02/2004;1;4;
78570;735141;3;23/10/2008;1;2;
182483;735141;3;19/10/2010;1;2;3
166638;735141;3;05/07/2010;1;1;
48580;737598;1;08/02/2003;1;4;
49334;737598;1;08/02/2003;1;4;
55205;737598;1;28/09/2004;1;2;
55746;737598;1;05/11/2004;1;;
55757;737598;1;05/11/2004;1;;
48097;737598;4;21/01/2008;1;2;3
158637;737598;3;30/04/2010;1;2;3
174966;737598;3;28/08/2010;1;3;3
75406;737598;3;30/09/2008;3;2;
77356;737598;3;16/10/2008;3;2;
84245;737598;3;08/12/2008;1;2;
69151;738520;4;06/12/2005;1;;
69352;738520;4;06/12/2005;1;;
71236;738520;4;23/12/2005;1;;
71661;738520;4;27/12/2005;1;;
99751;738520;4;08/01/2007;1;;
99860;738520;4;08/01/2007;5;;
107211;738520;4;26/03/2007;1;;
191155;738520;;17/12/2010;3;2;
192944;738520;;21/12/2010;3;2;
152700;738520;;09/03/2010;1;2;3
146900;738520;;28/01/2010;1;2;3
152759;738520;;09/03/2010;9;2;3
66817;738520;;14/07/2008;1;2;
166940;743108;2;07/07/2010;1;2;3
52807;743298;1;03/04/2004;1;;
44424;743298;7;15/12/2007;1;3;3
44427;743298;7;22/12/2007;1;3;3
135148;743298;7;06/11/2009;9;1;
130260;745470;8;26/09/2009;1;3;3
107761;745598;8;02/04/2007;1;;
87949;745598;8;06/01/2009;1;2;3
87411;745598;8;05/01/2009;1;1;
87055;745598;8;05/01/2009;1;2;3
97076;753098;8;07/03/2009;1;1;5
124019;753098;8;13/08/2009;1;2;3
147381;753098;8;30/01/2010;1;1;3
132955;755835;2;21/10/2009;1;2;3
178968;755835;2;27/09/2010;1;2;6
149256;755835;2;12/02/2010;1;1;
149171;755835;2;12/02/2010;1;2;2
112844;757988;7;01/06/2007;1;;
61432;760267;8;07/09/2005;6;;
85411;761393;8;27/06/2006;1;;
96961;761393;8;29/11/2006;1;;
166690;761393;8;05/07/2010;1;2;3
139807;761393;8;10/12/2009;1;2;3
137849;761393;8;26/11/2009;1;2;3
140010;761393;8;11/12/2009;1;2;3
114304;761505;5;02/06/2007;1;;
115747;761505;5;09/06/2007;1;;
191740;761505;5;20/12/2010;1;2;
87848;762867;6;05/01/2009;1;1;4
87843;762867;6;06/01/2009;1;2;3
120617;765373;;15/07/2009;1;2;
44402;765965;8;22/12/2007;1;1;3
44401;765965;8;26/12/2007;1;2;3
41983;766847;8;01/12/2007;1;1;4
62841;768448;8;17/10/2005;1;;
82022;768448;8;12/05/2006;1;;
158425;768448;8;28/04/2010;1;2;3
200425;768448;8;15/01/2011;1;1;6
87664;768488;8;26/07/2006;1;;
67765;768488;8;22/07/2008;1;2;4
67766;768488;8;23/07/2008;1;2;4
78247;768765;8;21/03/2006;1;;
82795;768765;8;30/05/2006;9;;
103139;768765;8;13/02/2007;1;;
122822;768765;8;04/08/2009;1;2;6
68490;773854;5;10/12/2005;1;;
96119;773992;6;28/02/2009;1;3;3
184863;773992;6;30/10/2010;1;3;6
182111;773992;6;09/10/2010;1;3;3
164068;774120;8;15/06/2010;1;2;3
177241;774120;8;11/09/2010;1;3;5
177789;774766;2;16/09/2010;2;3;3
178524;774766;2;22/09/2010;2;3;
112111;775138;4;12/05/2007;2;;
71160;775138;;21/08/2008;1;1;
71127;775138;;22/08/2008;1;1;
116834;775169;6;23/06/2007;1;;
170030;775169;6;29/07/2010;1;2;1
43633;775169;6;14/12/2007;1;2;3
101017;775169;6;02/03/2009;9;1;
86945;775373;5;14/07/2006;9;;
87773;775373;5;27/07/2006;1;;
97109;775373;4;01/12/2006;7;;
100940;775373;4;19/01/2007;9;;
101007;775373;4;22/01/2007;9;;
110418;775373;8;03/05/2007;1;;
110456;775373;5;03/05/2007;1;;
59669;775373;5;10/05/2008;1;1;
59670;775373;5;03/05/2008;1;1;
59671;775373;5;26/04/2008;1;1;
59673;775373;5;13/05/2008;1;1;
59672;775373;5;19/04/2008;1;1;
62259;775373;5;05/06/2008;1;2;4
61695;775373;5;30/05/2008;1;1;6
114940;775373;5;29/05/2009;1;1;
114939;775373;5;25/05/2009;1;1;
115850;775373;5;02/06/2009;2;3;6
115849;775373;5;08/06/2009;1;1;
184261;775373;5;30/10/2010;9;1;
184260;775373;5;02/11/2010;1;1;
186627;775373;5;17/11/2010;1;1;
186624;775373;5;06/11/2010;1;1;
186625;775373;5;15/11/2010;1;1;
186622;775373;5;03/11/2010;1;1;
186623;775373;5;05/11/2010;1;1;
163867;775373;5;14/06/2010;1;1;
163572;775373;5;10/06/2010;1;1;
163571;775373;5;09/06/2010;2;1;
163662;775373;5;11/06/2010;1;1;
198797;775373;5;10/01/2011;1;1;2
134539;775373;5;02/11/2009;1;1;
135464;775373;5;10/11/2009;1;1;6
138667;775373;5;28/11/2009;7;3;
153486;775373;5;13/03/2010;1;2;4
201681;775373;5;13/01/2011;1;1;
201687;775373;5;25/01/2011;1;1;
201686;775373;5;24/01/2011;1;1;
201685;775373;5;27/01/2011;1;1;
201684;775373;5;28/01/2011;1;1;
201682;775373;5;14/01/2011;1;1;
179118;775416;8;27/09/2010;1;1;3
109862;778798;2;06/04/2009;2;3;5
117664;781229;;26/06/2009;1;2;
116508;781229;;16/06/2009;1;2;
184177;781229;;02/11/2010;1;2;3
184295;781229;;02/11/2010;1;1;3
176215;781229;;07/09/2010;1;2;
67064;781988;;14/07/2008;1;1;
50184;782497;6;06/02/2008;1;1;
55686;786776;1;02/11/2004;2;;
101169;786776;7;23/01/2007;1;;
101578;786776;7;20/01/2007;1;;
111733;786776;3;27/04/2009;1;2;
85995;786776;3;26/12/2008;1;2;1
68862;786776;3;02/08/2008;1;1;
117566;786776;7;20/06/2009;3;3;
113767;788096;8;16/05/2009;1;1;3
72008;788096;8;02/09/2008;1;2;5
60207;792661;8;11/08/2005;1;;
60401;792661;8;17/08/2005;1;;
115928;792661;8;09/06/2009;1;1;3
99526;793506;4;04/01/2007;1;;
102167;793506;4;27/01/2007;1;;
122975;795924;8;04/08/2009;1;1;2
122974;795924;8;03/08/2009;1;1;2
115647;798554;8;05/06/2009;1;1;
115587;798554;8;05/06/2009;1;2;3
54713;799928;8;08/03/2008;1;1;4
101273;800576;6;02/03/2009;9;1;
93298;801200;8;12/02/2009;1;2;3
59496;802664;8;21/06/2005;1;4;
124327;806075;8;17/08/2009;9;1;
124326;806075;8;14/08/2009;9;1;
124325;806075;8;13/08/2009;9;1;
125450;806075;8;26/08/2009;1;2;3
164105;806897;8;15/06/2010;1;2;3
85017;807995;8;22/06/2006;1;;
85019;807995;8;23/06/2006;9;;
103174;807995;8;02/03/2009;9;1;
52501;809169;1;15/03/2004;1;2;
87697;809169;6;26/07/2006;1;;
88516;809169;4;07/08/2006;1;;
126235;809169;4;27/10/2007;7;;
45938;809169;4;14/01/2008;1;3;3
79706;809169;2;25/10/2008;1;3;
54980;809857;1;13/09/2004;1;;
54982;809857;1;13/09/2004;1;;
112787;809857;5;07/05/2009;1;2;5
112789;809857;5;06/05/2009;1;1;5
193020;809857;5;18/12/2010;3;1;6
193019;809857;5;17/12/2010;3;1;6
193021;809857;5;20/12/2010;3;1;6
57237;810771;1;16/02/2005;1;;
100857;813507;6;02/03/2009;9;1;
109307;816903;8;20/04/2007;1;;
108797;816903;8;16/04/2007;1;;
99540;828228;6;02/03/2009;9;1;
118362;831384;6;03/07/2009;1;2;3
130279;831384;6;30/09/2009;1;2;3
124245;831384;6;17/08/2009;1;2;1
100550;832068;4;16/01/2007;1;;
110634;832068;4;28/04/2007;1;;
111872;832068;4;22/05/2007;1;;
112726;832068;7;30/05/2007;1;;
116374;832068;7;05/07/2007;1;;
116093;832068;7;10/06/2009;1;2;3
116195;832068;7;11/06/2009;1;2;3
111403;832068;7;18/04/2009;7;1;4
96180;832068;7;28/02/2009;1;3;6
80136;832068;7;05/11/2008;1;2;5
82805;832068;7;25/11/2008;1;2;2
99198;834895;6;02/03/2009;9;1;
144984;838475;;13/01/2010;1;2;
149144;838475;;12/02/2010;1;2;3
149665;838475;;13/02/2010;2;3;3
149809;838475;;17/02/2010;1;2;4
104428;850845;8;02/03/2009;9;1;
99117;851071;6;02/03/2009;9;1;
191447;851341;8;04/12/2010;1;3;
80062;852612;6;19/04/2006;1;;
87335;852612;6;20/07/2006;1;;
86137;852612;6;03/07/2006;1;;
100271;853103;8;12/01/2007;1;;
49599;865501;8;04/02/2008;1;2;3
67565;870631;4;16/12/2005;9;;
68409;870631;4;12/12/2005;1;;
94168;870631;4;19/10/2006;1;;
95665;870631;4;04/11/2006;1;;
105432;870631;4;03/03/2007;1;;
189081;870631;;02/12/2010;1;2;
133901;870631;;24/10/2009;1;1;3
136037;870631;;13/11/2009;1;1;3
56295;870967;1;14/12/2004;1;2;
56989;870967;1;04/02/2005;1;2;
75822;870967;4;13/02/2006;9;;
94055;870967;4;14/10/2006;1;;
95838;870967;4;10/11/2006;1;;
135655;870967;2;12/11/2009;1;2;3
125522;872250;4;18/10/2007;1;;
199233;872250;3;12/01/2011;1;1;3
188259;874246;8;30/11/2010;1;2;2
192319;874246;8;20/12/2010;1;1;2
200421;874246;8;15/01/2011;1;3;6
76952;874291;5;13/10/2008;1;2;4
147495;874291;5;01/02/2010;1;1;
101560;875997;4;20/01/2007;1;;
42343;875997;4;04/12/2007;3;3;
50472;879039;8;11/02/2008;1;2;3
65645;881258;4;23/11/2005;1;;
57869;884484;8;25/04/2005;9;;
72777;884484;8;31/12/2005;1;;
83376;884484;8;07/06/2006;1;;
83355;884484;8;07/06/2006;1;;
82251;884484;8;20/05/2006;1;;
83780;884484;8;13/06/2006;1;;
83854;884484;8;13/06/2006;1;;
84512;884484;8;19/06/2006;1;;
86311;884484;8;24/06/2006;1;;
92186;884484;8;16/09/2006;1;;
95723;884484;8;10/11/2006;1;;
97266;884484;8;05/12/2006;1;;
116078;884484;8;16/06/2007;1;;
119049;884484;8;09/08/2007;1;;
119078;884484;8;09/08/2007;1;;
119131;884484;8;10/08/2007;1;;
183195;884484;8;25/10/2010;1;2;3
183315;884484;8;25/10/2010;9;1;
161365;884484;8;22/05/2010;7;2;4
168569;884484;8;17/07/2010;7;1;3
168788;884484;8;17/07/2010;1;2;
51878;884484;8;23/02/2008;1;3;3
56762;884484;8;12/04/2008;1;3;
67278;884484;8;12/07/2008;1;3;4
87210;885942;6;18/07/2006;1;;
86517;885942;7;10/07/2006;1;;
99349;887398;6;02/03/2009;9;1;
67863;888696;4;03/12/2005;1;;
69906;888696;4;01/12/2005;1;;
100218;888696;4;10/01/2007;1;;
101813;888696;4;29/01/2007;1;;
105051;888696;4;01/03/2007;9;;
79463;888696;3;31/10/2008;7;2;
52275;892031;8;29/02/2008;1;1;3
53952;892031;8;18/03/2008;1;1;3
53954;892031;8;14/03/2008;1;1;3
52527;892031;8;25/02/2008;1;1;3
53951;892031;8;19/03/2008;1;2;3
52526;892031;8;03/03/2008;1;1;3
57755;892031;8;21/04/2008;1;1;3
146287;892031;8;21/01/2010;9;1;
82668;893088;3;25/11/2008;1;2;
86474;898758;4;11/07/2006;1;;
123862;898758;4;25/09/2007;1;;
53073;898758;4;08/03/2008;1;3;
45353;898758;4;08/01/2008;1;3;
45354;898758;4;05/01/2008;1;1;
113362;902382;8;13/05/2009;1;2;3
113423;902382;8;13/05/2009;1;1;
121927;906534;5;05/09/2007;1;;
146137;906534;5;21/01/2010;1;2;
148067;906534;5;04/02/2010;1;2;3
95623;909047;8;09/11/2006;1;;
190210;909047;8;10/12/2010;1;2;6
189212;909047;8;03/12/2010;1;2;2
57837;909047;8;23/04/2008;1;2;3
71795;909047;8;30/08/2008;1;1;5
71796;909047;8;30/08/2008;1;2;
176553;911458;8;09/09/2010;1;2;
176438;911458;8;07/09/2010;1;1;
176439;911458;8;08/09/2010;1;2;
186712;911798;8;17/11/2010;1;1;6
181056;911798;8;07/10/2010;1;1;3
151749;911798;8;02/03/2010;1;1;
79087;915486;8;03/04/2006;1;;
96202;915486;8;02/03/2009;1;1;4
141451;915486;8;21/12/2009;1;2;2
81003;916926;4;29/04/2006;1;;
84022;916926;4;03/06/2006;1;;
82155;916926;;21/11/2008;1;2;
67476;916926;;19/07/2008;1;1;
96916;916926;;06/03/2009;1;1;
73954;917029;7;19/01/2006;1;;
75482;922330;6;08/02/2006;1;;
118862;923623;8;07/07/2009;1;2;5
97752;925005;6;12/12/2006;1;;
74630;925863;8;14/06/2008;1;1;
97930;925943;8;15/12/2006;1;;
100100;925943;8;11/01/2007;1;;
107224;925943;8;26/03/2007;1;;
131102;925943;8;03/10/2009;1;1;5
121072;925943;8;20/07/2009;1;2;3
126025;925943;8;31/08/2009;1;2;3
64352;925943;8;21/06/2008;1;3;3
183219;944341;2;25/10/2010;1;2;3
88462;945043;7;05/08/2006;3;;
112415;945043;7;24/05/2007;3;;
44368;945043;7;22/12/2007;3;3;3
44369;945043;7;12/12/2007;3;3;3
122865;945043;7;01/08/2009;7;3;
95276;947385;6;02/03/2009;1;1;4
67410;947385;6;12/07/2008;7;3;
117696;953172;8;26/06/2009;1;2;3
106337;953172;8;02/03/2009;9;1;
96115;959735;7;28/02/2009;1;3;3
79197;965165;8;18/10/2008;1;1;
79688;965165;8;25/10/2008;1;1;5
158878;968619;7;30/04/2010;1;1;
64122;968619;7;21/06/2008;1;3;4
113890;972441;5;19/05/2009;1;2;3
113889;972441;5;18/05/2009;1;2;3
100391;973065;6;02/03/2009;9;1;
121558;973065;6;23/07/2009;1;1;3
184253;973202;6;02/11/2010;1;1;6
184252;973202;6;29/10/2010;1;1;6
41877;976258;8;30/11/2007;9;1;
41878;976258;8;29/11/2007;9;1;
41881;976258;8;26/11/2007;9;1;
41882;976258;8;24/11/2007;9;1;
43551;976258;8;03/12/2007;1;1;
43552;976258;8;04/12/2007;1;1;
43553;976258;8;05/12/2007;1;1;
43554;976258;8;06/12/2007;1;1;5
43555;976258;8;07/12/2007;1;1;
43557;976258;8;10/12/2007;1;1;
43559;976258;8;12/12/2007;1;1;
43558;976258;8;11/12/2007;1;1;
43556;976258;8;08/12/2007;1;1;
115306;976258;8;03/06/2009;1;2;6
110426;976258;8;10/04/2009;1;1;
110366;976258;8;10/04/2009;1;2;3
192696;976258;8;20/12/2010;1;1;2
200100;976258;8;18/01/2011;1;2;6
136575;976258;8;14/11/2009;1;3;3
140483;976258;8;16/12/2009;1;2;3
56601;976258;8;10/04/2008;1;2;3
44298;976258;8;24/12/2007;1;2;3
44772;976258;8;02/01/2008;1;3;3
43550;976258;8;13/12/2007;1;1;
44862;976258;8;02/01/2008;1;1;
43631;976258;8;14/12/2007;1;1;
122230;976258;8;25/07/2009;1;3;5
124903;976258;8;21/08/2009;1;2;3
174316;976258;8;21/08/2010;7;3;
81155;976258;8;08/11/2008;1;3;4
83866;976258;8;29/11/2008;1;3;3
60258;977891;4;17/05/2008;1;1;3
60366;981275;4;16/05/2008;1;1;5
100486;982275;4;16/01/2007;1;;
41914;982275;4;03/12/2007;1;3;
42249;982275;4;04/12/2007;1;2;
105873;984244;4;08/03/2007;1;;
109682;984244;4;21/04/2007;1;;
112262;984244;4;24/05/2007;1;;
112292;984244;4;24/05/2007;1;;
111944;984244;4;19/05/2007;1;4;
116016;984244;4;09/06/2007;1;;
183077;992812;2;21/10/2010;1;1;
162116;992812;2;29/05/2010;1;1;3
197982;992812;2;24/12/2010;1;3;1
197981;992812;2;05/01/2011;1;3;
65982;993957;4;28/06/2008;1;1;
87147;993957;2;05/01/2009;1;2;4
91639;993957;2;29/01/2009;1;1;3
174438;993957;2;27/08/2010;1;2;
70958;993957;2;22/08/2008;1;2;
86057;995137;7;29/12/2008;1;2;5
97158;1004392;7;07/03/2009;1;1;3
171364;1004392;7;07/08/2010;1;1;3
111968;1009367;8;28/04/2009;1;2;3
94483;1009367;8;21/02/2009;1;1;3
121890;1010541;;27/07/2009;1;1;
127478;1010541;;10/09/2009;9;3;
178083;1010541;;18/09/2010;1;1;
118699;1012048;6;04/07/2009;1;3;3
170944;1012153;2;05/08/2010;1;2;6
171612;1012153;2;07/08/2010;1;3;
170943;1012153;2;02/08/2010;1;1;6
110687;1012984;5;14/04/2009;1;1;5
110835;1012984;5;17/04/2009;1;1;5
110688;1012984;5;15/04/2009;1;1;5
109856;1012984;5;06/04/2009;1;2;5
117158;1016126;8;20/06/2009;1;1;3
158014;1016126;8;23/04/2010;1;1;3
125708;1016126;8;22/08/2009;1;3;3
114896;1101441;2;29/05/2009;1;2;2
114898;1101441;2;27/05/2009;1;1;2
114897;1101441;2;28/05/2009;1;1;2
160381;1104132;;08/05/2010;3;3;3
125867;1104838;3;28/08/2009;1;2;3
115484;1105635;8;04/06/2009;1;2;3
115482;1105635;8;02/06/2009;1;1;3
115483;1105635;8;03/06/2009;1;1;3
172163;1115876;;12/08/2010;1;2;3
180302;1115876;;05/10/2010;1;2;
162740;1140412;;04/06/2010;1;2;3
165560;1140412;;28/06/2010;1;2;3
145781;1140412;;16/01/2010;1;3;3
148059;1140412;;04/02/2010;1;2;3
148060;1140412;;01/02/2010;1;1;3
148147;1140412;;04/02/2010;1;1;3
143509;1140412;;04/01/2010;1;1;
143610;1140412;;05/01/2010;1;2;3
170348;1140412;;02/08/2010;1;2;3
169186;1140412;;23/07/2010;1;2;
167737;1140412;;10/07/2010;1;1;
167331;1140412;;09/07/2010;1;2;
165516;1164413;6;19/06/2010;1;1;
165518;1164413;6;26/06/2010;1;1;
169818;1164413;6;28/07/2010;2;3;3
156663;1164413;6;13/04/2010;2;3;3
174765;1164413;6;30/08/2010;1;1;3
